0,50
20,50
40,50
60,50
80,50
100,50
120,50
140,50
160,50
174,64
188,78
188,98
174,112
160,126
146,112
132,98
132,78
146,64
160,50
180,50
200,50
220,50
240,50
260,50
280,50
300,50
320,50
340,50
360,50
380,50
400,50
420,50
440,50
460,50
480,50
500,50
520,50
540,50
560,50
580,50
600,50
A
pa1/5
pa1/5,5,pa1/5,5,pa1/5
pa10/5,10,pa10/5,pa10/5
pa20/2,5,pa18/2,4,pa10/2,3,pa9/2,2,pa8/2,1,pa7/2,pa6/2,pa5/2,pa4/2,pa3/2,pa3/2,pa3/2,pa3/2,pa3/2,pa3/2,pa3/2,pa3/2,pa3/2
pa10/0,1,pa20/0,2,pa30/0,3,pa40/0,3,pa50/0,3,pa60/0,3,pa70/0,3,pa80/0,3,pa90/0,3,pa100/0
